256
0 91
1 31
2 24
3 28
4 27
5 24
6 16
7 24
8 12
9 9
10 8
11 14
12 11
13 12
14 16
15 17
16 13
17 27
18 13
19 15
20 14
21 16
22 19
23 11
24 14
25 11
26 11
27 13
28 11
29 22
30 60
31 12
32 14
33 18
34 13
35 10
36 18
37 18
38 13
39 16
40 16
41 19
42 26
43 11
44 11
45 15
46 21
47 14
48 5
49 21
50 12
51 15
52 8
53 11
54 11
55 10
56 11
57 8
58 21
59 17
60 20
61 12
62 8
63 9
64 12
65 15
66 16
67 16
68 9
69 14
70 16
71 13
72 15
73 24
74 28
75 11
76 11
77 13
78 12
79 11
80 16
81 25
82 28
83 11
84 19
85 7
86 10
87 9
88 13
89 15
90 18
91 12
92 11
93 14
94 8
95 16
96 12
97 12
98 19
99 13
100 15
101 18
102 10
103 10
104 6
105 22
106 12
107 13
108 18
109 14
110 11
111 13
112 11
113 25
114 16
115 14
116 16
117 20
118 15
119 7
120 10
121 9
122 13
123 15
124 7
125 9
126 5
127 9
128 10
129 10
130 11
131 10
132 7
133 9
134 7
135 10
136 5
137 13
138 8
139 11
140 5
141 6
142 14
143 8
144 10
145 16
146 20
147 18
148 23
149 14
150 20
151 16
152 8
153 11
154 13
155 16
156 5
157 12
158 11
159 14
160 10
161 16
162 9
163 10
164 18
165 21
166 23
167 14
168 13
169 17
170 12
171 13
172 9
173 14
174 16
175 8
176 13
177 15
178 12
179 6
180 10
181 10
182 10
183 12
184 10
185 15
186 13
187 12
188 9
189 13
190 9
191 13
192 17
193 14
194 9
195 14
196 16
197 6
198 16
199 19
200 19
201 8
202 11
203 13
204 16
205 11
206 11
207 5
208 14
209 9
210 18
211 17
212 19
213 14
214 11
215 9
216 16
217 16
218 15
219 17
220 16
221 8
222 11
223 10
224 20
225 17
226 13
227 14
228 16
229 14
230 17
231 11
232 14
233 10
234 14
235 14
236 4
237 9
238 10
239 12
240 10
241 9
242 8
243 7
244 6
245 18
246 11
247 12
248 19
249 9
250 9
251 9
252 8
253 10
254 11
255 21
